# 1
# 1
# 1
  630.33  2144.17    10.27    14.64     0.00
 1728.84  2055.54    14.46    18.42   589.00
 2755.82  2102.11    24.83    19.64  1178.00
    0.00     0.00     0.00     0.00     0.00
# 2
  401.89  1785.20    14.64    15.71     0.00
 1526.43  1711.26    34.80    19.03   589.00
 2498.53  1723.11    56.83    20.71  1178.00
 3794.48  1847.45    24.50    27.38  1767.00
    0.00     0.00     0.00     0.00     0.00
# 3
   61.91  1433.06    15.86    13.61     0.00
 1285.85  1385.43    20.05    13.98   589.00
 2238.59  1383.73    74.05    16.17  1178.00
 3342.47  1420.73    19.01    20.29  1767.00
    0.00     0.00     0.00     0.00     0.00
# 4
  922.16   988.77     9.90     9.08     0.00
 1903.94   996.34    15.04    11.66   589.00
 2896.10   992.35    13.94    11.84  1178.00
    0.00     0.00     0.00     0.00     0.00
# 5
  597.78   691.42     8.24     7.69     0.00
 1649.38   727.98     7.00     5.99   589.00
 2612.06   718.95     9.00     7.49  1178.00
    0.00     0.00     0.00     0.00     0.00
# 6
 1565.47   643.53     6.15     5.19     0.00
 2526.09   636.75     7.42     6.33   589.00
 3808.41   550.54     9.10     8.28  1178.00
    0.00     0.00     0.00     0.00     0.00
# 7
    0.00     0.00     0.00     0.00     0.00
