# 1 Sony/calib4k.fit
  353.39  1808.84    18.83    30.91     0.00
 1180.44  1734.76    25.94    24.84   405.00
 1856.49  1711.72    27.53    20.73   810.00
 2523.78  1721.67    42.37    36.78  1215.00
 3309.60  1775.92    29.96    34.88  1620.00
    0.00     0.00     0.00     0.00     0.00
# 2 Sony/calib4k.fit
  384.97  1476.21    15.62    29.99     0.00
 1188.63  1437.77    25.66    25.41   405.00
 1852.10  1425.05    27.36    25.86   810.00
 2507.99  1426.16    41.01    40.47  1215.00
 3272.16  1450.84    27.39    36.26  1620.00
    0.00     0.00     0.00     0.00     0.00
# 3 Sony/calib4k.fit
  390.47  1218.04    16.42    33.61     0.00
 1189.47  1207.09    24.42    27.29   405.00
 1849.07  1200.90    28.51    27.54   810.00
 2499.28  1196.62    39.46    40.43  1215.00
 3254.72  1202.15    25.34    36.91  1620.00
    0.00     0.00     0.00     0.00     0.00
# 4 Sony/calib4k.fit
  386.97   999.84    15.28    34.38     0.00
 1185.22  1009.08    22.98    29.79   405.00
 1846.07  1011.88    29.59    26.61   810.00
 2494.04  1003.79    38.71    39.41  1215.00
 3249.62   992.57    25.01    37.14  1620.00
    0.00     0.00     0.00     0.00     0.00
# 5 Sony/calib4k.fit
  364.53   690.69    14.56    24.15     0.00
 1176.04   725.67    21.13    27.06   405.00
 1839.09   736.50    29.21    26.47   810.00
 2492.78   722.43    41.35    43.84  1215.00
 3257.54   685.52    25.15    36.98  1620.00
    0.00     0.00     0.00     0.00     0.00
# 6 Sony/calib4k.fit
  347.53   541.37    16.10    33.38     0.00
 1169.60   593.44    22.07    31.12   405.00
 1838.58   611.49    25.68    22.52   810.00
 2497.21   592.62    36.05    38.83  1215.00
 3266.44   545.16    24.24    39.58  1620.00
    0.00     0.00     0.00     0.00     0.00
# 7 Sony/calib4k.fit
  308.66   280.87    17.91    25.62     0.00
 1155.47   363.52    25.01    23.30   405.00
 1835.83   388.80    27.31    16.80   810.00
 2504.49   364.77    42.32    37.61  1215.00
 3296.66   289.76    27.95    35.79  1620.00
    0.00     0.00     0.00     0.00     0.00
# 8 Sony/calib4k.fit
  279.80    85.85    11.45    17.38     0.00
 1154.17   190.22    22.22    24.39   405.00
 1841.77   224.31    22.49    13.07   810.00
 2522.73   196.38    34.09    29.88  1215.00
 3332.79    97.15    25.10    33.59  1620.00
    0.00     0.00     0.00     0.00     0.00
    0.00     0.00     0.00     0.00     0.00

