# 12 sony/calib2k.fit
  185.66  1048.33    14.78     9.71     0.00
  598.77   995.75    12.69     6.77   405.00
  938.45   978.77    10.24     5.52   810.00
 1276.42   984.37    19.27    10.08  1215.00
 1675.41  1021.18    19.46    11.28  1620.00
    0.00     0.00     0.00     0.00     0.00
# 13 sony/calib2k.fit
  216.13   832.47    13.18    16.87     0.00
  608.88   803.86    11.30    14.18   405.00
  938.83   793.15     9.05    13.51   810.00
 1273.53   789.08    23.27    22.41  1215.00
 1648.11   811.32    17.17    16.08  1620.00
    0.00     0.00     0.00     0.00     0.00
# 14 sony/calib2k.fit
  226.25   702.95    13.26     9.30     0.00
  612.30   685.89    11.54     7.89   405.00
  938.82   678.70     9.79     7.08   810.00
 1263.18   676.92    15.46    11.11  1215.00
 1639.32   683.59    16.50    11.41  1620.00
    0.00     0.00     0.00     0.00     0.00
# 15 sony/calib2k.fit
  230.12   570.97    12.82     8.70     0.00
  613.64   565.39    11.26     7.12   405.00
  937.97   560.67     9.12     7.64   810.00
 1261.66   556.47    15.82    11.07  1215.00
 1635.23   553.57    16.07    10.50  1620.00
    0.00     0.00     0.00     0.00     0.00
# 16 sony/calib2k.fit
  230.09   493.88    11.97    11.40     0.00
  613.64   494.45    10.32    10.68   405.00
  939.17   492.06     9.65     9.78   810.00
 1263.28   487.13    17.00    12.05  1215.00
 1636.20   477.65    14.94    13.24  1620.00
    0.00     0.00     0.00     0.00     0.00
# 17 sony/calib2k.fit
  220.13   305.11    12.15    10.99     0.00
  610.45   321.85    11.35    10.22   405.00
  938.90   324.12     9.28     8.93   810.00
 1265.31   314.18    14.48    13.31  1215.00
 1647.21   290.05    13.94    15.33  1620.00
    0.00     0.00     0.00     0.00     0.00
# 18 sony/calib2k.fit
  205.93   188.58    12.46     8.89     0.00
  604.97   216.72    11.22     8.15   405.00
  937.82   221.81     9.37     6.21   810.00
 1268.83   209.18    16.53    11.17  1215.00
 1658.26   174.74    17.71     9.63  1620.00
    0.00     0.00     0.00     0.00     0.00
# 19 sony/calib2k.fit
  596.82    75.43    11.41    11.51     0.00
  937.93    84.83     8.90    11.22   405.00
 1277.09    68.18    14.18    14.07   810.00
 1684.36    14.45    16.98    16.20  1215.00
    0.00     0.00     0.00     0.00     0.00
